i1:
  j_xyz: 0.0 0.0 0.0
  j_rpy: 0.0 -0.0 0.0
  l_xyz: 0.0 0.0 0.0
  l_rpy: 0 0 0
  l_len: 0.0
i3:
  j_xyz: 1.5 0.0 1.5
  j_rpy: 3.14159265 -0.0 0.0
  l_xyz: 0.75 0.0 0.75
  l_rpy: 0 -0.785398163397 0
  l_len: 2.12132034356
i2:
  j_xyz: 1.5 0.0 0.0
  j_rpy: 0.0 -0.0 0.0
  l_xyz: 0.75 0.0 0.0
  l_rpy: 0 -0.0 0
  l_len: 1.5
